226 INDICES

(1111111111 (11111) 111. 11 (111111) 11111 (111111) 11111
(11111) 11. 11 (11111) 1111 (111111) 11111 (111111) 111111.
(11111) 11111 (11111) (11. 11 1111111 (1111, 11) 11. 11 (11111)
(111, 11) 11. 111 (111, 1) Ep. 108 11. 111 (111111) 11111 (111111)
(11111) 11. 111 (11111) 111 11. 11 (111111) 1111 (11111)
(111, 11) 11. 11 (1111) 11111 11111

(11111) 11. 11 (11111111 (1111)

Ep.188 (1111111111 (11111) Eustratius

(11. 111 (11111) 11. 111 (1111) 1111111111.1111(Π11,1) 1111
Ep. 118 (11111) 11111 (11111)

11. 11 (111, 11) 11. 11 (111, 11) Festus

11. 111 (1111111111 (11111) (111111) 11. 11

11. 111 (1111111111 (11111)

1111 (11111111 (111,11)11.1111“1111111111

(11111) (1111 (1111111111 (11111) 111111111111111 (1111) 111111
111 (11111) 131. p. 181 (11111) (1111111111

Ep. 111 (11111) 81. 111 (11111)

1111111 (111, 11) 111111 (11111) Galenus

Ep. 11 (1111) 11. 11 (1111111111 111111 (1111111111

(11111) (11. 11 (111, 11) 11. 111

(11111) 11. 11 (11111) 11111 Gellius

(11111) (11. 111 (111, 11) (11111 11111111. (1 1111111111
(1111) 11. 11 (11111111111111

(111, 11) (11. 11 (111, 11) 111. 111 Gnomologium Parisinum

(181, 811 1111 (111, 11) Ep. 188 (p. 11 11. 111111)Ε)1.111

(131, 11 11. 11 (111, 11) 11. 11. 11

(111, 1) Ep. 288 (111, 11) 11. 111 Gregorius Nyssenus

de hom. opis. (1.6) 1121219
Etymologieum Orionis
(11, 1) 11111 (11, 11) 11. 111 Harpocration
(111, 11) 11. 11 (1111) Ep. 181 (111111) (11. 188 (11111) 11. 11

Euripides Helladius

Baeeh. (216) Ep. 241 Helen. (122. 11111111111111111111111)11111
1111) 111111 111111111111111111111 (1111 11) Ep. 118
Suppl. (531) Ep. 245 (fr. 941) 111210
Hephaestion

Eusebius (p. 8) Rhi. 18 (11111111 (111)
Praep. evang. XIII (p. 614) Ep. 266 Ep. p. 88. p. 116 (49, 4) Ep. 88 (49, 6)
(p. 682) Ep. 255. 256. 257 Afismx. fr. p. 81

Eustathius Hermogenes
Oomm. Hom.(140,15) (11. 16 (188881 Progymn. (3) Ep. 282
11. 11 (1111111111 (1111111111
(111, 11) (11. 11 (111, 11) 11. 111 Herodianus
(826, 26) Gl. 2 (11111) Ep. 11 (le dichron. (1134811) (11111
(11131) (818 (111111) So. 128 dedicesoli81p.6,22)Ep.88 (1127)
(111111) 111111 (111111) (11. 111 11111 (11111111 (1111) 11. 111

 

