224 INDICES

1111111111 · , (1151) Ep. 45 (1111) 1111 (11111)

11111111 (lx 1111111) Ep. 145 191114 (6961) Ep· 51 (6941) 161144
111.11111.(111111)1ρ.1111111111. (6651) 16166 (6961111165 (6661)
(11111111111151 (1111111111) 11166 (6961181146 (6616)) 3544
Ep. 251 11111. (v 11111 11) 11. 11 (3961) 61161 6961) 111166 (6661)
11111. (1111111111 111111. (1 so. 45· 66 (699 d) Ep· 66 (69911)
11151 11) Ep. 145 (11 11111 11. 11) Ep.154 (36616116 61196 (66611)

Ep. 111. 111 (1111111111. 111 6169 (3611616156 6631661162
(1111) Ep. 111 (1111) Ep. 11 (1111)

Athenaeus Ep.51 (11111) 111111. 51 (1111.

11 (36111) Ep. 148 (441)) So. 99 3261) Ep. 54 (3291) Ep. 59 (3211)
(481) 8ο. 196 (491) Ep. 149 (5211)) Ep. 62 (3211)) Ep. 55. 56 (321 (1)
Ep.150 (511) Ep. 151 (511) Ep. 151 Ep. 55 (1111) 1111 (1111) Ep. 18.
(5811) Ep. 153 (591) Ep. 154 (6611) 44. 69 (3231) Ep. 48. 8164 (3231)
1111111111111(1111111111 Ep. 41. 45 (1111) Ep. 51 (1111)
(681)) Ep. 11 (681) Ep. 158 (161) 1111811161 (3241) 8158 (3251)
Ep.155 (11111151. 111. 111 (1111) Ep. 55. 50. 51 (1111) 111111
11111 (1111) 1111 (1111) 1111 (11111)

ΠΙ (161) Ep. 128 (831) (11. 166 Ep. 51. 58 (3281) Ep. 68 (3291)
(851) Ep. 42. 43 (851) 8017 (881) (11161 (8391111185

Ep. 114. 8141191 (861) So. 14 vm (13811) 11181 (3411) 81123
(81118125 (891) So. 62 (91181192 (3621111119 (1111811111 (36211)

(961) Ε153 (926 61141 (966) Ep· Ep. 255 (1111) Ep. 155

’01611666 (6661611666 (6666) 1111111111111(11111115
61166 (6651111157 (6655616136 (1111111111 (1111111111 (1111)

(696 6) 8116 (66661) 161166· 69 11111 (1111) 1115 (1111) Ep. 54
(6666161169 (6911161166 (6691) (1111) Ep. 155 (1111) Ep. 45. 45
6119 (6695)Ε1·51,16196 (6691) (1111) Ep. 50 (1111) 1111 (1111)
1111111111 (11111111. 1111. Μ ᾖ

ΒΙ.) (1191) 8111113 (11911) fflffifflpm (41111) Ep. 111

611666 (6661) Ep& ²⁷ (121b) 09a''.So.1 (1111111111
Ep· 666 (1111111 1111111 (1111)
Ν (6396)) Ε1161666 (6561) 61166 11. 11 (1111111 (1111) Ep. 55 1

(6566) 61116 (6691) 6116 (66611) (11111111 (1111) 11111 (1111
50p. 14 (1111) Ep. 55 (15551150p5 epp) 50p.14.15

383831311183) 511 1016111111 11111ξῖ1

(1831 c. 81)
Ep. ’(5

v (11111) Ep. 155

VI (1111) (11. 11 (1111) 11. 11
(2391) 8111119 (23611) Ep. 54. 35

Vll (1111) Ep. 114 (11111) 11. 11
(1111) Ep. 44 (11111) Ep. 55 (1111) censorinus

16176 (66511) Ep· 66 (2555) 661· 56 11111111. (vn 5. 5) 11111
(1111) Ep. 11 (1111111111 (1111.

1111) Ep. 55 (1111) 11. 11 (1111) Choeroboscus
11164. 8143 (28811) Ep. 44. 65 inTheodos.s[151,19.114,55)Rhi.14 ’

ΕΡ· ¹⁰⁹ (Μ 3 ⁸⁴) (1111) 1111 (11111) Ep. 15 (11111)
11. 111 (1111) 111. 11 (1111) 1111
(1111) Ep. 111 (1111) 111. 11 (1111)
Ep. 18 (6561) 8115

1111111111 (1111) 111111

 

